            -2      -1.5    -1     -0.5      0     0.5      1     -1.5      2           
----------------------------------------------------------------------------------------
        -1.9240|||||||||||||||||||||||||||||||
        -1.9507|||||||||||||||||||||||||||||||
       -1.9794||||||||||||||||||||||||||||||||
       -2.0104||||||||||||||||||||||||||||||||
      -2.0441|||||||||||||||||||||||||||||||||
     -2.0812||||||||||||||||||||||||||||||||||
     -2.1226||||||||||||||||||||||||||||||||||
    -2.1695|||||||||||||||||||||||||||||||||||
   -2.2242||||||||||||||||||||||||||||||||||||
  -2.2910|||||||||||||||||||||||||||||||||||||
 -2.3820||||||||||||||||||||||||||||||||||||||
-2.4227|||||||||||||||||||||||||||||||||||||||
   -2.2283||||||||||||||||||||||||||||||||||||
      -2.0747|||||||||||||||||||||||||||||||||
        -1.9368|||||||||||||||||||||||||||||||
          -1.8083|||||||||||||||||||||||||||||
            -1.6861|||||||||||||||||||||||||||
              -1.5686|||||||||||||||||||||||||
               -1.4547||||||||||||||||||||||||
                 -1.3436||||||||||||||||||||||
                   -1.2349||||||||||||||||||||
                     -1.1281||||||||||||||||||
                      -1.0229|||||||||||||||||
                        -0.9191|||||||||||||||
                          -0.8164|||||||||||||
                           -0.7147||||||||||||
                             -0.6137||||||||||
                              -0.5135|||||||||
                                -0.4137|||||||
                                  -0.3144|||||
                                   -0.2154||||
                                     -0.1166||
                                      -0.0179|
                                             |0.0807
                                             ||0.1795
                                             ||||0.2784
                                             |||||0.3776
                                             |||||||0.4771
                                             |||||||||0.5772
                                             ||||||||||0.6779
                                             ||||||||||||0.7793
                                             |||||||||||||0.8816
                                             |||||||||||||||0.9850
                                             |||||||||||||||||1.0897
                                             ||||||||||||||||||1.1958
                                             ||||||||||||||||||||1.3038
                                             ||||||||||||||||||||||1.4140
                                             ||||||||||||||||||||||||1.5268
                                             ||||||||||||||||||||||||||1.6429
                                             |||||||||||||||||||||||||||1.7632
                                             |||||||||||||||||||||||||||||1.8892
                                             ||||||||||||||||||||||||||||||||2.0232
                                             ||||||||||||||||||||||||||||||||||2.1699
                                             |||||||||||||||||||||||||||||||||||||2.3428
                                             ||||||||||||||||||||||||||||||||||||||2.4293
                                             ||||||||||||||||||||||||||||||||||||2.3201
                                             |||||||||||||||||||||||||||||||||||2.2467
                                             ||||||||||||||||||||||||||||||||||2.1883
                                             |||||||||||||||||||||||||||||||||2.1389
